564.0
678.0
569.0
540.0
491.0
533.0
488.0
502.0
648.0
522.0
540.0
445.0
659.0
687.0
773.0
515.0
600.0
537.0
526.0
614.0
490.0
558.0
664.0
450.0
948.0
601.0
561.0
435.0
574.0
475.0
641.0
610.0
563.0
482.0
456.0
598.0
517.0
555.0
506.0
457.0
670.0
482.0
516.0
629.0
514.0
498.0
463.0
565.0
503.0
607.0
668.0
590.0
545.0
529.0
475.0
656.0
751.0
750.0
654.0
545.0
452.0
616.0
598.0
646.0
598.0
558.0
583.0
679.0
554.0
647.0
596.0
631.0
527.0
575.0
651.0
643.0
621.0
585.0
550.0
703.0
626.0
649.0
512.0
611.0
475.0
507.0
641.0
800.0
579.0
618.0
615.0
598.0
504.0
519.0
608.0
561.0
490.0
526.0
794.0
554.0
571.0
815.0
684.0
601.0
516.0
721.0
576.0
710.0
469.0
984.0
621.0
767.0
637.0
485.0
569.0
671.0
611.0
663.0
473.0
505.0
458.0
467.0
601.0
511.0
595.0
592.0
599.0
478.0
593.0
670.0
706.0
560.0
562.0
592.0
646.0
471.0
627.0
508.0
593.0
686.0
515.0
496.0
743.0
524.0
466.0
532.0
488.0
485.0
557.0
490.0
627.0
577.0
641.0
465.0
504.0
608.0
542.0
530.0
603.0
543.0
557.0
692.0
514.0
631.0
511.0
468.0
646.0
527.0
700.0
727.0
452.0
714.0
556.0
626.0
544.0
533.0
646.0
624.0
596.0
569.0
694.0
574.0
611.0
475.0
611.0
509.0
756.0
473.0
606.0
560.0
594.0
556.0
459.0
667.0
634.0
529.0
500.0
546.0
573.0
508.0
493.0
542.0
487.0
528.0
713.0
594.0
538.0
499.0
512.0
627.0
457.0
486.0
485.0
674.0
467.0
597.0
622.0
751.0
564.0
571.0
604.0
567.0
820.0
522.0
575.0
650.0
533.0
553.0
696.0
618.0
516.0
436.0
668.0
459.0
860.0
591.0
666.0
570.0
672.0
645.0
539.0
582.0
538.0
514.0
675.0
693.0
542.0
554.0
559.0
708.0
518.0
558.0
543.0
512.0
508.0
524.0
575.0
707.0
548.0
490.0
790.0
550.0
540.0
484.0
515.0
567.0
582.0
525.0
542.0
588.0
612.0
596.0
663.0
632.0
565.0
630.0
543.0
744.0
725.0
474.0
525.0
518.0
585.0
605.0
486.0
655.0
631.0
542.0
606.0
504.0
694.0
533.0
675.0
772.0
705.0
600.0
574.0
589.0
568.0
581.0
759.0
559.0
505.0
649.0
583.0
543.0
826.0
845.0
624.0
562.0
539.0
565.0
452.0
604.0
565.0
592.0
1004.0
550.0
557.0
523.0
585.0
528.0
598.0
535.0
595.0
524.0
550.0
630.0
593.0
458.0
559.0
669.0
804.0
490.0
787.0
666.0
516.0
500.0
543.0
492.0
551.0
727.0
513.0
503.0
679.0
627.0
511.0
602.0
581.0
498.0
647.0
520.0
578.0
452.0
596.0
493.0
721.0
532.0
637.0
691.0
711.0
612.0
751.0
445.0
560.0
498.0
602.0
586.0
514.0
565.0
680.0
575.0
507.0
466.0
631.0
537.0
471.0
663.0
700.0
484.0
465.0
