1938557.46544
1981444.65008
2060734.80627
2029218.03847
1960924.32183
1926573.03543
1967796.51134
2014129.58391
2107456.88328
2021561.15902
1998025.98802
1946313.65706
2077174.59585
2099905.53488
2094105.53249
2036317.27277
2051571.41631
2057813.19985
1999478.41236
1898220.75221
1960450.96414
2064569.8075
2103464.00328
1962828.22171
2030432.36509
2079168.46335
1927187.17903
1922958.24695
2066097.66168
1950953.00834
1887548.90588
2056261.94779
2070203.80768
1932733.63397
1934209.45584
2081990.70762
2039829.09009
2007170.14621
2006369.54253
1941562.25417
2093462.07044
1986497.67798
2015462.11289
2104343.38845
2013092.84925
1956539.249
1958391.00683
1990993.82982
2024531.29459
2008393.31201
2106111.31916
2059631.25275
2037676.43527
1913704.12855
1968849.54154
2046177.41622
1961086.04168
1961270.13505
2114683.61484
1927708.67413
1934349.50548
2114103.49548
2062484.26441
2089627.88464
2028944.22584
2063127.61908
2061026.00075
2071681.33566
2062836.12785
2080598.22741
2073802.62001
1894766.17789
1985886.72539
2081247.56807
2090857.28471
2077894.73889
2091760.54493
2056556.68294
1983454.53267
1914539.20435
1892739.31668
2125945.89593
1954405.89062
1951930.6476
1924651.40291
1948263.50104
1949025.88142
2032662.55367
2070564.28172
1981987.51695
1898515.26069
2095147.92533
1982666.16962
2005859.11737
1987803.74625
2038660.00038
1950394.20137
1997370.99916
1997916.69917
2043225.07941
2051406.56302
2096526.52669
2110193.66922
2038342.37543
1995301.20522
2116291.42309
2066317.53198
2018635.45031
1961172.21772
2035324.31073
2040090.2726
2130270.44206
2080096.21105
1902178.54024
1906006.2634
2014556.43688
2009463.616
2082711.00381
1998639.81068
1972903.81382
1944970.60446
1946187.85859
2072115.88266
2043220.55041
1962994.42443
2083773.24376
2101325.02728
2007705.71228
2071043.2996
2011052.50286
2124043.62752
2029373.6516
1906751.15218
2089303.57007
2089627.88464
1924104.87614
2106100.68559
1992904.63248
2031840.1871
2112383.3374
2035238.43013
1982677.1051
2100569.6117
1942254.31925
1939639.05276
2016281.89783
2013914.71306
1964890.54078
2017009.73804
1975151.66351
2075083.91772
2055345.24495
1958294.14923
1949250.60279
1985802.25405
2042657.5831
2060266.39977
2007059.27649
2088918.51109
2003452.8516
2009110.76399
2055499.7927
1979339.93771
2076867.2034
2021994.50703
1993357.44184
2103577.88615
2049423.62031
2120496.24406
2027088.02622
1954443.53416
1917243.30432
2044892.96686
1994761.22521
1970831.49231
1997783.09759
2089772.73778
2078116.08046
2070343.54865
2048850.48747
1985535.69602
2048732.95606
2082444.57981
1951433.82082
2090992.36933
1992604.93244
2034201.40482
1954505.88968
2069872.18578
2021399.10256
2015664.48935
1886058.29763
1977282.60731
2089768.81303
2096222.44358
2012714.57745
2017429.19101
2043721.47252
2059000.11035
2021336.54212
1993949.7501
2058148.86097
1962623.08632
1975129.08362
2035226.26991
2083113.41573
1988173.02572
1996763.20538
2050314.40745
2082087.51727
1934136.51672
1989138.99842
1968594.92254
2021806.71078
1980963.99603
2088845.5361
2020687.26249
2111743.51561
2086371.90057
2071242.39412
1949631.96434
2070860.98317
1975007.86684
1890012.45324
2065532.63362
1877434.64655
2044016.3911
1995245.13899
1892523.91337
2002477.63797
2002371.81475
1942901.74003
2115845.20528
1979713.51199
2017905.39625
2060758.77616
2127713.52153
2063447.8122
1892727.52674
1897070.94438
2053501.98969
2089935.44318
1999529.63766
2043713.07648
2082651.07774
1901376.09133
1914126.42244
2043225.07941
1999429.3457
2087728.50493
1990211.23537
2005357.51928
2031998.05076
2004499.45869
2005554.07062
2020055.74534
1903942.49347
1928986.25702
2043160.60031
1987897.47359
2100922.06928
2038518.7411
2058750.95687
1962452.18266
2046606.79857
1989233.26866
1986607.04813
1969082.36933
1955151.64282
2068970.46934
2062298.06386
2078039.16095
2109027.22235
2120307.87858
1931334.89627
2100983.71885
2057929.12189
2019209.91629
2037298.33576
1917429.93409
2053743.18715
1917373.02426
1944890.31579
2085151.93823
1990989.35695
1959182.57228
2073639.81654
2038130.70015
2032133.57631
1990709.78016
2134297.8534
2009645.83399
2094834.56276
2020619.6199
2102979.27147
1895105.93022
2064858.28742
2078709.65963
2024773.14382
2057243.08242
2078737.37261
2032228.15083
2009790.45162
1932114.11435
1915325.53899
2018641.47788
1967320.44112
1973592.44443
2098841.43244
2077316.55061
2059724.8693
2053983.91081
1944598.98695
1944712.74595
2081790.02576
2007083.21326
2044231.76877
2001733.08555
2058439.78611
1920166.95022
2063980.59564
1994873.8184
2068362.51201
1910292.27198
2033943.16383
2039010.57565
2052931.75396
2027327.86489
2051611.87266
1934167.37768
2071940.13764
2079671.84719
1967210.02705
1972777.86003
2119899.78237
2039710.23069
2051059.2619
1957366.10725
2027198.67458
1963782.54471
1965601.60765
1974948.73202
1998053.07164
1993115.61095
2059942.55782
1903524.40255
1980073.96685
2073385.87639
1939478.8751
1986566.57944
2040314.37293
1901349.96164
1985333.42147
1938986.38823
2097319.18967
1996578.60073
1938581.23742
2012313.59966
1935954.56343
2085383.54779
2023207.33902
1891982.29874
2026604.46456
1936016.49346
1933333.33905
1976552.79323
2066739.90234
2085716.0723
1918290.59787
2043040.80008
2103109.75421
2054534.26871
2019322.11398
1973448.89397
2011598.36311
2010962.02044
1955865.79787
2077245.71546
1966104.94277
1972615.21462
1936733.21133
