505955.498408
417770.145358
475095.957425
508363.970053
559136.244167
507522.530591
588911.214254
569961.539552
419626.948392
533028.965906
536684.601279
554670.088423
375579.082405
497660.997055
351497.976611
535203.896642
552764.049169
436410.528515
478631.727368
523130.648374
623554.239907
519040.377392
470183.309464
576711.666777
373393.75242
518674.355559
493864.161106
596339.389115
505272.283949
601657.726446
513300.306619
500439.58557
394483.518055
525362.47285
603069.473647
487854.731749
480641.494106
455458.366534
543867.661935
558957.549641
520327.185215
499941.176393
476417.283312
408329.140634
521147.724682
514139.027929
522679.290483
539608.94246
474197.396641
377980.399942
349605.982883
378804.173907
518040.633373
540057.23888
530026.978745
367984.092873
449081.036731
449199.308597
469617.149907
500383.480013
562075.104303
405221.989632
357606.504165
375135.258851
585258.097573
385009.1532
503076.324857
349093.594915
452980.157657
411402.650679
528780.859699
502068.214438
599096.293502
441757.971268
473527.042879
404832.07168
500965.261971
383796.764277
465582.66604
476208.804795
507594.047331
392726.82027
614958.188558
484384.55787
556056.378567
615818.696078
471121.896808
396182.412167
520205.668645
447869.639787
502658.650395
415771.261778
480143.129486
499353.580318
622883.60242
448226.896566
515763.966109
602889.688942
382119.154865
530938.868002
358989.348346
356402.475576
379862.529247
431886.500145
458106.613738
416802.459962
439309.738808
363300.720321
533572.553605
382376.101292
575235.167442
374972.237842
523707.672379
563797.545676
531301.756024
402400.306857
406723.115622
474539.751264
510581.698942
556951.965399
603810.420292
564101.803489
364708.770441
471993.743863
483804.265828
511997.795434
416062.453721
510136.078984
532943.299033
366273.650109
480290.472487
487967.714903
504429.312317
508337.456332
375135.258851
558418.294214
390447.697843
476037.132443
579669.459497
417749.071956
466554.435236
582960.227157
457168.144719
520103.528617
580485.925103
536855.760044
550224.238974
591957.305507
596471.268644
531341.744645
339192.528271
485786.03147
481885.950105
534918.606527
594419.422092
379605.223274
518458.721468
492125.916217
413490.186843
470966.170713
530993.72842
354329.186834
592773.082757
407461.841161
495155.886373
562185.431557
396133.927975
524185.986432
384019.38126
404224.897208
549197.730879
476359.521372
509969.905166
408946.225419
483221.945208
437828.628067
519307.337147
465020.051025
415513.008124
351492.152225
409991.846151
505716.87931
453321.849578
605486.192109
497074.842887
470450.201175
345655.023167
570114.78
378137.641385
581856.107918
464611.487209
568103.943272
513388.638828
403107.811933
485963.181755
491070.802948
541845.775164
397444.912131
397146.348739
473077.459091
554686.004827
459708.338872
512662.349073
490582.793284
419112.283956
419375.21958
607203.03027
569612.391551
446118.44761
482118.730179
587585.973999
569021.866072
595384.921723
366993.980131
577377.085314
486542.714537
427037.83295
486559.335847
426763.172864
447144.409055
477841.182794
502781.890368
449116.710473
564928.628614
378929.915815
535780.613088
542814.287468
425325.238011
493262.798837
390670.802951
588461.257872
588962.979784
390505.610587
571791.356935
391139.421957
362282.700452
390138.510946
433529.122726
529017.071552
497518.419389
515241.201842
419785.019533
492475.581136
455425.478057
400495.185566
488628.455236
504722.900569
530938.868002
416669.644293
365348.290153
531758.904425
443377.145586
524648.200721
596386.505663
577926.542234
547947.407106
527938.117
473246.483845
433956.624592
525733.580793
440796.181123
443826.367041
416545.383088
556098.463754
468480.198173
439683.692801
434410.636351
627475.693481
496523.917659
400832.677445
540282.823851
457613.957173
374973.547605
400376.020972
500943.782089
509794.009339
408160.09026
400015.695004
423492.341515
556223.816592
423265.195221
528923.28786
488711.682166
382714.784248
586160.072196
462006.1564
420886.371576
491786.583932
452346.749927
491619.43012
394381.237495
483989.519202
369027.099865
407011.73276
496492.077815
536695.671917
405498.491546
429016.459905
522602.661895
547326.797991
538344.996765
498532.867247
559048.343507
478913.13373
493034.129165
466966.041786
439646.193012
463887.876759
479093.915143
507464.614763
444240.565177
404125.076948
544800.655644
479957.8739
435671.983945
391578.234051
344679.883248
417002.789875
468353.317302
544559.625439
381293.270172
444581.56076
360873.394201
517714.218267
359241.844889
455473.170181
543820.144778
435134.826283
368960.045725
587615.332843
511712.55814
353344.752831
445975.87663
602135.213657
372009.265113
333962.38918
455178.838933
509189.982642
571763.423075
615287.072953
492050.416064
428485.647238
465314.311953
520287.346264
337304.591209
496131.126928
534423.235306
450078.465772
496167.428883
552059.413217
385751.092548
553402.73696
449408.058664
570316.368226
418266.909444
585106.498192
468453.435596
495153.461982
479801.734597
395476.154192
356021.16285
542374.92094
353961.941975
553960.831386
493718.569055
588195.052728
467342.070778
438114.212825
525675.620095
392660.306862
430424.988864
393164.818411
560340.677152
522073.495296
410288.075318
535250.219538
563187.09725
369635.647476
458191.785445
563133.951396
583888.660887
