12.9
12.0
13.1
8.4
9.4
7.85
8.8
15.65
14.35
7.6
9.65
11.15
9.0
15.4
8.0
20.3
19.8
7.85
8.5
12.2
9.2
9.2
16.3
13.0
14.6
13.0
10.2
9.0
12.0
7.7
9.1
14.9
9.85
7.0
17.9
11.45
11.0
11.6
7.65
7.35
20.0
13.4
10.9
10.25
16.4
12.5
13.0
10.7
12.1
4.9
4.9
6.95
12.0
10.2
10.2
10.25
10.9
10.7
10.8
5.7
14.0
11.0
8.3
11.0
7.56
10.1
13.5
9.3
11.8
7.6
10.7
7.3
18.3
7.35
12.4
14.15
14.2
9.95
7.95
5.1
5.7
18.0
8.65
6.0
4.1
10.5
14.0
36.1
13.35
18.0
9.8
8.5
8.0
8.25
15.4
8.0
8.7
10.0
9.15
7.35
5.8
10.55
7.2
7.15
12.0
9.45
10.3
14.15
17.0
8.7
20.1
10.4
7.9
9.6
16.0
8.3
7.05
8.1
9.45
7.2
12.0
6.85
8.0
10.5
7.95
10.8
13.2
12.65
13.4
3.8
12.85
7.95
16.0
20.3
9.6
8.6
12.4
15.8
9.0
13.4
13.95
9.65
11.45
12.1
6.6
8.7
9.7
7.5
9.0
10.5
9.6
6.8
16.2
10.2
14.4
10.8
13.8
9.15
14.5
10.0
9.35
9.55
18.8
9.0
8.45
15.5
4.3
13.61
12.25
9.15
8.15
16.75
7.8
14.0
4.95
12.0
14.1
13.0
18.9
6.8
6.0
11.1
11.8
11.4
13.45
6.5
5.85
15.9
10.3
12.0
11.4
6.6
8.35
10.25
18.3
8.85
6.7
11.0
10.65
14.85
17.25
13.3
7.2
8.4
12.2
11.3
21.75
10.85
12.4
17.5
9.3
19.0
14.5
10.0
11.5
9.2
5.25
11.9
8.9
11.9
10.35
9.2
9.0
6.3
13.5
11.5
15.2
4.31
12.2
7.9
7.7
15.7
7.45
9.85
8.45
6.8
9.5
11.5
5.9
8.8
7.9
12.1
18.3
13.6
13.7
10.65
6.0
16.36
9.5
9.5
12.0
4.7
10.5
7.95
9.35
10.1
14.0
9.75
14.45
10.7
9.1
10.25
14.3
11.35
6.7
8.4
7.0
12.5
9.0
6.55
9.2
10.85
10.0
14.45
7.8
7.45
9.1
9.4
9.8
8.0
15.8
12.65
9.4
7.05
7.85
10.2
12.2
12.8
13.1
9.0
24.4
6.9
6.5
10.7
11.0
9.0
8.2
6.3
9.85
6.25
10.6
8.0
18.25
8.5
9.0
12.0
9.6
12.4
13.05
12.1
6.7
8.4
6.85
9.5
9.5
16.15
5.8
9.25
16.25
8.35
13.5
13.0
10.7
12.2
10.7
11.5
9.6
11.8
5.4
14.25
14.0
8.0
11.5
11.2
6.6
5.9
10.8
7.2
16.3
11.5
8.2
14.0
11.4
9.0
9.3
12.36
10.9
10.35
11.0
16.65
11.1
10.3
4.41
12.35
6.4
15.0
10.5
8.9
14.31
8.7
6.1
8.7
5.1
8.15
9.3
13.9
13.2
15.2
14.4
13.65
17.3
13.55
14.5
8.0
9.0
7.7
10.9
7.1
8.0
10.9
6.95
